
── Page 1 ──
Performance Information :	Buses
QSI Performance Results
Route Results for London Bus Services
Quarter 04 25/26
03 January 2025 to 31 March 2026

── Page 2 ──
How to Interpret Results
Bus routes are split into two categories - high and low frequency. Statistics are given for regular daytime and night bus services. All
routes are quoted to one decimal place. For this reason figures may not add up due to rounding.
For groups of services, totals are a weighted average of the individual route-level figures, the weighting being proportional to the
frequencies of the routes (i.e. More frequent services are given a higher weighting).
High Frequency (Non Timetabled) Services
These are services for which a detailed timetable is not generally published. Most have weekday peak frequencies of five or more
buses per hour (i.e. a service frequency of 12 minutes or more frequent). Passengers are assumed to arrive at bus stops randomly.
Statistics are calculated from iBus data for most scheduled timing points (QSI points) in both directions, between 0500 and 2359
hours every day.
Statistics shown are:
Scheduled Waiting Time (SWT)
1)
The time passengers would wait, on average, if the service ran exactly as
scheduled during the periods observed.
Excess Waiting Time (EWT)
2)
The difference between 1) and 3), representing the additional wait experienced
by passengers due to the irregular spacing of buses or those that failed to run.
Q4 24/25 (EWT)
3)
Denotes the Average Excess Waiting (EWT) (see 2) time result for the
corresponding financial quarter last year.
Average Waiting Time (AWT)
4)
The average time that passengers actually waited.
Average Waiting Time divided by
5)
Indicates how much longer, on average, passengers are waiting than intended
Scheduled Waiting Time (AWT:SWT
(e.g. 1.5 would indicate passengers waiting 50% longer than intended).
Ratio)
Chance of waiting less than 10, 10-
6)
Gives an indication of the variation in individual waiting times.
20, 20-30, more than 30 minutes,
Long Gaps

── Page 3 ──
Low Frequency (Timetabled) Services
These are services running to an advertised timetable. Most have a weekday peak frequency of four buses per hour or less (i.e. a
service interval of every 15 minutes or less frequently). It is assumed that passengers take notice of the published timetable before
arriving at bus stops.
Statistics are calculated from iBus data for most scheduled timing points (QSI points) in both directions, between 0500 and 2359
hours every day.
Statistics shown are:
Chance of a bus departing on-time	The chance that a bus runs at the advertised time or between two minutes
1)
early and up to five minutes late.
Q4 24/25 (% On Time)	Denotes the percentage of departing on time (see 1) for the corresponding
2)
financial quarter last year.
Chance of a bus not running	The chance that a bus fails to run (see note on late running).
3)
Chance of a bus running early	The chance of a bus running more than two and a half minutes before the
4)
advertised time. This category may be sometimes be late running buses, which
would be regarded by passengers as the next bus running early.
The chance of a bus running 5-15 minutes late (buses more than 15 minutes
5)	Chance of a bus running late
late are regarded as non-arrivals). This category may sometimes include early
running buses which would be regarded by passengers as the preceding bus
running late.
For groups of services, totals are a weighted average of the individual route-level observations, the weighting being proportional to
the frequencies of the routes (I.e. more frequent services are given a higher weighting).
Night Bus Services
Night bus services are monitored at selected locations, throughout the course of their route between 0000-0459 each day.
Variations from service route numbers
Some routes shown vary from their service route numbers. Routes serving New Addington are prefixed with a 'T' for compatibility
with Tramlink ticketing. An example of this would be route 64, which is shown as route 'T64' and the night route as 'TN64'.
Route 281R denotes route 281 services run on event days at Twickenham.
Performance Information
London Buses

── Page 4 ──
Quality of Service Indicators for High Frequency (Non-Timetabled)	Day and Night Routes
Quarter 04 25/26
03 January 2025 to 31 March 2026
Waiting Times (mins)	Probability of Waiting (%)
Excess
Scheduled	Average
____	____	____	____	____
Waiting	Waiting	Q4 24/25	Waiting	AWT:SWT
Route	< 10	10-20	20-30	> 30	Long
Time	Time	(EWT)	Time	Ratio
mins	mins	mins	mins	Gaps
(mins)	(mins)
(mins)
1	5.3	1.57	1.1	6.8	1.3	76.1	21.3	2.3	0.3	2.4
2	4.5	0.81	1.0	5.3	1.2	87.9	11.5	0.5	0.1	0.9
3	5.7	0.70	0.9	6.3	1.1	80.4	18.7	0.8	0.1	0.5
4	5.5	1.16	2.2	6.7	1.2	77.5	20.6	1.7	0.2	1.3
5	3.6	1.26	1.0	4.9	1.3	89.3	10.1	0.6	0.1	3.0
6	4.5	0.67	0.9	5.2	1.1	89.4	10.2	0.4	0.0	0.9
7	6.5	1.17	1.1	7.7	1.2	70.0	26.4	2.9	0.7	1.4
8	4.1	1.49	1.2	5.5	1.4	85.1	13.3	1.3	0.2	3.7
9	5.2	0.89	1.0	6.1	1.2	82.1	16.6	1.0	0.3	1.2
11	5.4	0.99	1.0	6.4	1.2	79.9	18.6	1.3	0.2	1.1
12	6.0	0.88	0.8	6.9	1.1	75.9	22.6	1.4	0.2	0.6
13	4.8	0.84	1.5	5.6	1.2	86.7	12.5	0.7	0.1	1.1
14	4.2	1.12	1.0	5.4	1.3	86.6	12.3	0.8	0.2	2.3
15	5.8	1.72	1.1	7.6	1.3	71.3	24.2	3.6	0.8	2.4
16	5.5	1.14	1.2	6.6	1.2	78.2	19.9	1.6	0.3	1.4
17	5.5	0.80	0.9	6.3	1.1	80.8	18.1	0.9	0.2	0.7
18	2.9	1.14	1.1	4.1	1.4	93.1	6.3	0.4	0.2	4.4
19	5.0	1.56	1.2	6.5	1.3	78.2	19.0	2.2	0.6	3.0
21	4.8	1.52	1.4	6.3	1.3	79.7	18.3	1.8	0.3	2.7
22	5.2	1.03	0.9	6.2	1.2	81.3	17.1	1.3	0.3	1.5
23	6.2	0.89	0.8	7.1	1.1	73.9	23.7	2.0	0.4	1.0
24	5.9	0.74	1.1	6.6	1.1	78.2	20.6	1.0	0.2	0.5
25	4.4	1.04	1.1	5.5	1.2	86.1	13.2	0.7	0.1	1.5
26	5.3	1.70	1.8	7.0	1.3	75.5	21.1	2.9	0.5	2.8
27	5.8	0.87	1.0	6.7	1.1	77.3	21.2	1.3	0.2	0.7
28	5.2	1.13	1.0	6.3	1.2	80.4	17.5	1.7	0.4	1.8
29	3.2	0.99	1.0	4.1	1.3	94.0	5.7	0.2	0.1	2.5
30	5.4	1.01	1.7	6.4	1.2	79.7	18.6	1.4	0.2	1.2
31	5.3	1.09	1.5	6.4	1.2	79.7	18.6	1.4	0.3	1.3
32	4.5	1.79	1.2	6.3	1.4	78.9	18.2	2.4	0.5	4.7
33	4.9	0.60	0.8	5.4	1.1	87.5	12.0	0.4	0.1	0.6
35	4.8	1.20	1.3	6.1	1.2	81.7	17.2	1.1	0.1	1.5
36	4.5	1.03	1.4	5.6	1.2	85.3	13.8	0.8	0.1	1.5
37	5.7	1.15	1.4	6.8	1.2	76.1	21.6	2.0	0.3	1.3
38	3.0	1.33	1.3	4.3	1.4	92.1	7.4	0.4	0.1	4.8
39	4.9	0.91	0.8	5.8	1.2	83.7	15.1	0.9	0.3	1.4
40	5.3	0.92	0.8	6.2	1.2	81.0	17.9	1.0	0.1	0.9
41	3.4	1.42	1.7	4.8	1.4	89.1	9.8	0.8	0.3	5.0
43	4.5	1.33	1.8	5.8	1.3	83.5	15.0	1.4	0.2	2.6
44	5.5	1.31	1.4	6.8	1.2	76.4	21.3	2.0	0.3	1.7
45	7.0	0.75	1.2	7.7	1.1	68.6	29.0	2.1	0.3	0.4
46	6.4	1.31	2.3	7.7	1.2	70.1	25.7	3.5	0.7	1.5

── Page 5 ──
47	6.7	1.73	1.8	8.4	1.3	65.9	27.0	5.4	1.6	2.6
49	5.5	1.10	0.7	6.6	1.2	78.5	19.4	1.6	0.5	1.6
50	7.1	0.55	0.8	7.6	1.1	69.0	29.2	1.6	0.2	0.3
51	6.6	1.03	1.6	7.6	1.2	70.5	26.3	2.8	0.4	0.9
52	5.5	1.12	1.3	6.6	1.2	78.2	19.5	1.9	0.4	1.5
53	4.3	1.42	1.4	5.7	1.3	84.0	14.7	1.1	0.1	2.8
54	5.6	1.52	1.4	7.1	1.3	74.1	22.7	2.7	0.5	2.3
55	4.3	1.50	1.8	5.8	1.3	82.9	15.1	1.6	0.3	3.7
56	5.2	1.16	2.2	6.3	1.2	80.8	17.5	1.5	0.2	1.5
57	6.4	1.14	1.1	7.6	1.2	70.3	26.5	2.8	0.4	0.9
58	6.3	1.37	1.1	7.7	1.2	70.6	25.2	3.5	0.8	1.7
59	4.3	0.67	0.7	4.9	1.2	90.1	9.7	0.3	0.0	0.7
60	5.4	1.28	1.0	6.7	1.2	77.0	20.6	2.0	0.3	1.9
62	6.5	0.99	0.9	7.5	1.2	72.1	24.9	2.6	0.4	1.0
63	4.0	0.65	0.9	4.7	1.2	92.4	7.3	0.2	0.0	0.7
64	5.6	1.19	1.0	6.8	1.2	77.2	20.4	2.1	0.4	1.6
65	4.2	0.97	1.0	5.1	1.2	88.3	10.7	0.8	0.2	2.4
66	6.3	1.30	1.6	7.6	1.2	71.3	24.6	3.4	0.7	1.9
67	6.1	0.98	1.1	7.1	1.2	74.2	23.6	1.9	0.4	1.0
68	5.2	0.67	0.9	5.8	1.1	84.4	15.0	0.5	0.1	0.5
69	4.5	1.18	1.0	5.7	1.3	84.8	14.0	1.1	0.2	2.3
70	6.6	1.17	1.3	7.8	1.2	70.7	25.0	3.4	0.8	1.8
71	4.5	0.55	0.6	5.1	1.1	90.4	9.4	0.2	0.0	0.5
72	6.0	0.57	0.6	6.6	1.1	78.6	20.5	0.7	0.1	0.3
73	3.5	0.96	0.9	4.5	1.3	92.9	6.9	0.2	0.0	1.8
74	5.7	0.97	0.7	6.7	1.2	77.7	20.4	1.6	0.3	1.1
75	6.8	1.23	1.2	8.0	1.2	67.8	28.0	3.5	0.6	1.1
76	5.2	1.80	1.5	7.0	1.3	75.0	21.6	2.9	0.5	3.0
77	5.2	1.21	1.0	6.4	1.2	79.6	18.5	1.6	0.2	1.7
78	5.3	1.17	1.0	6.4	1.2	79.5	18.5	1.6	0.4	1.8
79	6.5	0.72	0.9	7.2	1.1	73.5	24.6	1.7	0.3	0.6
80	5.1	0.84	0.7	6.0	1.2	82.8	16.2	0.9	0.1	1.1
81	6.6	1.0	7.6	1.2	70.6	25.5	3.5	0.5	0.9
1.01
83	4.4	1.23	1.4	5.6	1.3	84.9	13.9	1.1	0.2	2.5
85	5.1	0.76	0.9	5.9	1.1	84.5	14.4	0.8	0.3	1.1
86	3.7	1.03	1.4	4.8	1.3	90.2	9.1	0.6	0.1	2.7
87	4.3	1.11	1.1	5.4	1.3	86.6	12.6	0.7	0.1	2.0
88	5.1	1.1	6.1	1.2	82.0	16.6	1.1	0.2	1.2
0.99
89	6.7	1.42	1.2	8.1	1.2	67.8	27.0	4.4	0.9	1.7
90	5.9	1.01	1.5	6.9	1.2	75.7	22.0	1.9	0.4	1.1
91	5.4	1.52	1.3	6.9	1.3	75.9	21.6	2.2	0.3	1.8
92	6.1	1.42	1.4	7.5	1.2	71.4	24.7	3.2	0.6	2.0
93	4.2	0.9	5.3	1.3	86.9	12.2	0.8	0.1	2.2
1.12
94	4.6	0.68	0.8	5.3	1.1	89.1	10.3	0.4	0.1	0.8
95	7.3	1.61	1.1	8.9	1.2	63.1	28.7	6.4	1.7	2.6
96	4.6	1.80	1.5	6.4	1.4	79.0	18.1	2.5	0.4	4.4
97	4.6	1.46	1.7	6.0	1.3	81.7	16.3	1.7	0.3	3.2
98	4.4	1.0	5.2	1.2	88.8	10.5	0.6	0.1	1.3
0.80
99	6.8	0.82	1.2	7.6	1.1	70.3	27.1	2.3	0.3	0.6
100	6.3	0.66	0.5	6.9	1.1	75.2	23.5	1.0	0.2	0.5
101	6.3	1.18	0.9	7.5	1.2	71.7	24.8	2.7	0.8	1.7
102	4.4	1.35	1.3	5.8	1.3	83.4	15.1	1.2	0.2	2.8
103	6.1	1.2	7.1	1.2	74.6	22.8	2.2	0.4	1.2
1.07
104	4.6	1.31	1.0	5.9	1.3	83.3	14.8	1.5	0.3	2.9
105	6.1	0.94	0.9	7.1	1.2	74.2	23.5	1.9	0.5	1.0
106	5.1	1.44	1.4	6.6	1.3	78.5	19.1	2.0	0.5	2.3

── Page 6 ──
108	5.7	1.59	2.2	7.3	1.3	73.4	22.7	3.2	0.7	2.5
108D	7.5	1.65	1.0	9.1	1.2	76.0	18.4	4.5	1.1	6.5
109	4.1	0.83	0.8	4.9	1.2	89.8	9.8	0.3	0.1	1.2
111	5.5	0.69	1.0	6.2	1.1	81.2	17.6	1.0	0.1	0.7
112	5.3	1.29	1.4	6.5	1.2	78.4	19.2	2.0	0.4	2.1
113	4.9	0.68	1.2	5.6	1.1	86.0	13.4	0.5	0.1	0.8
114	5.3	1.20	1.2	6.5	1.2	79.0	18.8	1.9	0.2	1.7
115	4.3	1.36	1.1	5.7	1.3	84.5	14.1	1.1	0.2	2.6
116	6.9	0.71	0.8	7.6	1.1	70.8	26.1	2.5	0.6	0.9
119	6.7	1.30	0.9	8.0	1.2	67.7	27.9	3.9	0.5	1.1
120	5.2	1.45	1.4	6.7	1.3	77.3	19.8	2.5	0.4	2.8
121	5.5	1.52	1.8	7.0	1.3	75.4	21.3	2.7	0.6	2.6
122	6.3	1.35	1.4	7.6	1.2	70.7	25.3	3.3	0.6	1.8
123	5.5	2.03	1.8	7.5	1.4	71.3	24.0	3.9	0.8	3.6
124	5.8	1.13	1.1	6.9	1.2	76.4	20.7	2.3	0.5	1.9
125	5.7	0.97	1.0	6.6	1.2	78.1	19.9	1.7	0.3	1.4
126	6.2	1.05	1.0	7.2	1.2	73.9	22.6	2.9	0.7	1.6
127	5.9	1.19	1.4	7.0	1.2	75.1	22.1	2.3	0.4	1.7
128	6.8	1.05	0.9	7.9	1.2	69.2	26.7	3.6	0.5	1.1
129	4.6	1.45	2.1	6.1	1.3	81.8	16.3	1.7	0.2	3.0
130	7.0	1.10	0.9	8.1	1.2	67.4	28.0	3.6	1.0	1.4
131	4.7	1.41	1.0	6.1	1.3	81.1	17.0	1.6	0.2	2.6
132	5.9	1.59	1.4	7.5	1.3	71.8	23.8	3.6	0.8	2.7
133	4.8	0.75	0.8	5.6	1.2	86.1	13.3	0.5	0.1	0.7
134	4.3	0.76	0.9	5.1	1.2	90.0	9.6	0.3	0.0	1.0
135	5.6	1.48	1.2	7.1	1.3	74.2	22.5	2.7	0.6	2.1
136	5.4	1.47	1.0	6.9	1.3	75.4	21.9	2.3	0.4	2.2
137	3.6	0.79	0.7	4.4	1.2	92.6	6.8	0.4	0.1	2.0
139	5.3	1.34	1.5	6.6	1.3	78.0	19.3	2.2	0.6	2.5
140	5.0	0.77	1.3	5.8	1.2	84.7	14.0	1.1	0.1	1.1
142	6.7	1.79	1.1	8.5	1.3	65.3	27.0	6.0	1.6	3.0
143	6.4	0.82	1.3	7.2	1.1	72.9	25.0	1.8	0.2	0.6
144	5.1	1.5	7.1	1.4	75.0	21.2	3.0	0.8	3.7
1.94
145	6.5	1.22	1.1	7.7	1.2	70.0	26.1	3.3	0.6	1.4
147	4.6	1.03	0.9	5.7	1.2	85.3	13.6	0.9	0.2	1.7
148	6.1	0.90	1.3	7.0	1.1	74.9	23.0	1.8	0.3	0.9
149	4.0	1.24	1.6	5.2	1.3	87.5	11.8	0.6	0.1	2.2
150	6.8	1.1	8.3	1.2	66.9	27.6	4.5	0.9	1.7
1.44
151	6.4	0.88	1.1	7.2	1.1	74.2	22.7	2.6	0.4	0.9
152	6.7	1.04	1.1	7.8	1.2	69.5	26.7	3.4	0.5	1.0
154	6.1	1.12	1.3	7.2	1.2	73.6	23.3	2.8	0.4	1.3
155	4.7	0.86	0.6	5.6	1.2	86.2	13.2	0.6	0.1	1.0
156	5.7	0.7	6.5	1.1	79.4	19.2	1.2	0.1	0.7
0.79
157	6.5	1.37	1.3	7.9	1.2	68.3	27.2	3.9	0.6	1.5
158	3.7	1.55	1.2	5.2	1.4	85.8	12.7	1.2	0.2	5.1
159	4.8	0.72	1.1	5.5	1.2	87.1	12.4	0.4	0.1	0.6
161	6.1	1.45	1.5	7.5	1.2	71.8	24.4	3.3	0.6	1.8
163	5.3	0.8	6.2	1.2	81.9	16.9	1.1	0.2	0.9
0.87
164	5.7	0.91	0.9	6.6	1.2	78.0	20.4	1.5	0.1	0.9
165	6.7	1.01	1.3	7.7	1.2	69.4	27.1	3.1	0.4	0.9
169	6.2	1.11	1.0	7.3	1.2	73.9	22.6	2.9	0.6	1.7
170	5.2	1.47	0.9	6.7	1.3	77.5	19.3	2.4	0.8	2.9
171	6.7	1.0	7.6	1.1	70.1	27.4	2.3	0.3	0.6
0.92
172	5.7	0.99	1.0	6.7	1.2	77.9	20.4	1.5	0.2	1.0
173	6.0	1.50	1.5	7.5	1.2	72.5	23.1	3.4	0.9	2.7
174	5.0	1.12	1.4	6.2	1.2	81.1	17.4	1.4	0.1	1.8

── Page 7 ──
175	5.7	1.49	0.9	7.2	1.3	73.9	22.7	2.9	0.6	2.5
176	5.0	1.15	1.1	6.2	1.2	81.2	17.5	1.2	0.1	1.3
177	5.9	1.04	1.5	7.0	1.2	75.1	22.7	2.0	0.2	1.0
179	6.9	1.46	1.2	8.3	1.2	66.3	27.9	4.7	1.1	1.8
180	6.2	1.03	0.9	7.2	1.2	73.8	23.5	2.4	0.3	0.9
181	6.5	1.05	0.6	7.6	1.2	71.6	25.0	2.9	0.5	1.2
182	5.1	0.84	1.6	5.9	1.2	84.0	14.8	1.0	0.1	1.1
183	5.4	1.10	1.1	6.5	1.2	78.9	19.3	1.6	0.3	1.6
184	5.6	1.31	0.8	6.9	1.2	76.2	21.2	2.2	0.3	1.7
185	4.8	1.56	1.1	6.3	1.3	79.3	18.7	1.8	0.2	2.7
186	6.7	1.09	1.3	7.8	1.2	69.4	27.0	3.1	0.5	1.1
188	5.6	1.57	1.7	7.2	1.3	74.8	21.6	3.0	0.6	2.3
189	5.6	0.83	1.0	6.4	1.1	79.7	19.1	1.0	0.1	0.8
191	5.9	1.59	1.0	7.5	1.3	71.8	23.7	3.7	0.8	3.2
192	5.3	1.16	1.0	6.4	1.2	79.7	18.6	1.5	0.3	1.5
193	6.5	0.68	0.5	7.2	1.1	75.1	22.5	2.3	0.2	0.6
194	6.6	1.22	1.3	7.8	1.2	68.9	26.6	3.8	0.7	1.4
195	7.2	0.88	1.0	8.1	1.1	67.0	29.0	3.4	0.6	0.9
196	6.7	0.95	1.2	7.7	1.1	70.5	26.0	3.2	0.4	0.8
197	6.5	1.32	1.4	7.8	1.2	69.0	26.5	3.9	0.7	1.4
198	6.8	0.94	0.9	7.7	1.1	69.7	27.0	2.8	0.4	0.7
199	6.5	1.54	1.1	8.0	1.2	68.0	26.9	4.3	0.9	2.1
200	5.0	1.04	0.9	6.0	1.2	82.5	16.2	1.2	0.1	1.4
202	5.4	1.09	0.8	6.5	1.2	78.7	19.3	1.6	0.4	1.6
204	5.7	1.05	1.1	6.8	1.2	77.0	20.7	2.0	0.3	1.6
205	5.6	1.29	1.3	6.9	1.2	75.9	21.4	2.3	0.3	1.6
206	7.2	1.94	1.1	9.1	1.3	61.5	29.3	6.9	2.3	3.4
207	3.5	0.93	0.8	4.4	1.3	92.3	7.3	0.2	0.1	2.2
208	6.4	1.25	1.1	7.6	1.2	70.7	25.9	2.9	0.5	1.4
210	5.2	0.87	1.1	6.1	1.2	82.6	16.3	1.0	0.1	0.9
211	6.3	0.91	0.9	7.2	1.1	73.3	24.5	1.9	0.3	0.8
212	5.3	1.86	1.4	7.1	1.4	74.9	20.7	3.5	0.8	4.1
213	6.0	0.9	7.2	1.2	73.2	23.8	2.5	0.5	1.3
1.22
214	4.4	1.40	0.9	5.8	1.3	83.6	14.9	1.3	0.2	2.9
217	7.2	1.09	1.0	8.3	1.2	65.9	29.6	3.9	0.7	1.1
218	6.1	1.06	0.9	7.2	1.2	73.9	23.5	2.1	0.6	1.3
219	6.5	0.99	0.8	7.5	1.2	71.2	25.7	2.6	0.4	1.1
220	4.6	1.5	5.7	1.2	84.4	14.2	1.1	0.2	2.1
1.09
221	4.5	1.27	1.6	5.8	1.3	83.6	15.2	1.1	0.1	2.5
222	5.2	0.83	1.0	6.1	1.2	82.5	16.7	0.8	0.1	0.7
226	6.8	1.19	1.2	7.9	1.2	68.3	26.8	3.9	1.0	1.8
227	5.1	0.85	1.3	5.9	1.2	83.6	15.4	0.9	0.1	1.0
229	6.0	1.2	7.5	1.3	71.4	24.6	3.4	0.6	2.1
1.50
232	6.9	2.44	1.3	9.3	1.4	61.1	28.8	7.5	2.5	3.9
234	6.9	1.43	1.5	8.4	1.2	65.6	28.6	4.9	0.9	1.8
235	4.6	0.96	1.3	5.6	1.2	85.0	14.0	0.8	0.3	1.8
236	5.5	1.65	2.6	7.1	1.3	74.6	21.7	3.1	0.6	2.9
237	5.0	0.9	6.0	1.2	82.5	16.5	1.0	0.1	1.0
0.94
238	5.8	0.99	1.0	6.8	1.2	77.0	20.6	1.8	0.5	1.4
241	5.8	0.87	1.2	6.7	1.2	77.9	20.5	1.4	0.3	1.0
242	5.3	1.53	1.3	6.8	1.3	76.8	20.1	2.5	0.5	2.6
243	4.3	1.44	1.7	5.7	1.3	83.8	14.8	1.2	0.2	2.9
244	5.5	1.5	6.5	1.2	78.8	19.8	1.2	0.2	0.9
1.00
245	5.3	2.99	1.3	8.3	1.6	67.0	25.7	5.6	1.6	7.2
247	6.1	0.65	1.1	6.7	1.1	78.2	20.2	1.6	0.1	0.6
248	5.0	1.38	1.3	6.4	1.3	79.4	18.3	1.9	0.4	3.0

── Page 8 ──
249	5.2	1.17	0.9	6.4	1.2	79.6	18.5	1.5	0.3	1.7
250	4.6	0.89	0.9	5.4	1.2	86.6	12.8	0.5	0.0	1.1
251	7.0	0.57	0.7	7.5	1.1	71.2	26.3	2.3	0.2	0.4
252	6.1	0.64	0.7	6.7	1.1	78.2	20.0	1.6	0.2	0.5
253	4.1	1.46	1.4	5.6	1.4	84.6	14.3	1.0	0.2	3.0
254	4.1	1.51	1.6	5.6	1.4	84.3	14.4	1.1	0.2	3.2
255	7.2	0.63	0.9	7.8	1.1	67.4	30.6	1.8	0.2	0.3
256	7.1	0.95	0.9	8.1	1.1	67.8	27.4	4.2	0.6	1.1
257	4.3	1.07	1.4	5.4	1.2	86.9	11.9	0.9	0.2	2.4
259	5.3	1.36	1.4	6.7	1.3	77.2	20.6	1.8	0.4	1.7
260	6.7	1.70	1.2	8.4	1.3	65.5	28.3	5.0	1.3	2.3
261	6.3	1.00	1.2	7.3	1.2	72.6	25.0	2.0	0.4	1.0
262	5.9	1.13	0.8	7.0	1.2	75.1	22.6	1.9	0.4	1.4
263	5.4	1.01	1.2	6.4	1.2	80.3	17.8	1.7	0.2	1.6
264	6.4	1.13	0.8	7.6	1.2	70.7	25.9	2.8	0.7	1.4
265	7.0	1.19	1.8	8.2	1.2	66.8	28.6	3.8	0.8	1.2
266	5.1	1.16	1.1	6.3	1.2	80.6	17.5	1.6	0.3	2.0
267	6.3	0.70	0.7	7.0	1.1	75.5	22.6	1.6	0.3	0.7
269	7.0	0.79	0.9	7.8	1.1	68.9	28.0	2.6	0.5	0.7
270	5.3	0.91	1.1	6.2	1.2	81.2	17.4	1.2	0.2	1.1
274	6.5	0.79	2.0	7.3	1.1	72.7	25.3	1.8	0.2	0.5
275	7.8	1.60	1.7	9.4	1.2	59.6	31.6	7.1	1.7	2.0
276	6.6	2.19	1.9	8.8	1.3	63.3	28.3	6.7	1.8	3.2
277	5.6	1.03	1.3	6.6	1.2	78.1	20.1	1.6	0.3	1.2
279	3.7	1.32	1.5	5.0	1.4	87.9	11.0	0.8	0.3	3.8
280	5.5	1.30	1.2	6.8	1.2	76.3	21.2	2.2	0.4	1.9
281	5.6	0.63	0.6	6.2	1.1	81.6	17.6	0.7	0.1	0.4
281R	5.0	1.31	1.1	6.4	1.3	79.5	18.3	1.8	0.4	2.9
282	6.2	1.21	1.4	7.5	1.2	71.7	25.0	2.8	0.5	1.4
284	5.9	1.49	0.7	7.4	1.3	72.6	22.9	3.5	1.0	2.9
285	6.5	0.58	1.1	7.0	1.1	74.4	24.1	1.3	0.1	0.3
286	7.1	1.35	1.3	8.4	1.2	65.8	28.1	4.8	1.3	1.4
288	5.9	0.7	6.7	1.1	78.3	19.7	1.6	0.4	1.0
0.74
289	6.4	1.15	1.0	7.6	1.2	71.0	25.5	2.8	0.7	1.5
291	6.3	0.96	1.1	7.2	1.2	73.5	24.2	1.9	0.4	0.8
294	8.0	0.85	0.8	8.9	1.1	61.5	32.4	5.4	0.7	0.7
295	4.8	1.43	1.0	6.2	1.3	80.2	17.4	1.8	0.6	3.2
297	6.3	1.1	7.5	1.2	71.7	24.8	2.9	0.6	1.6
1.19
301	6.3	0.93	0.8	7.2	1.1	74.0	23.8	1.9	0.3	0.9
302	5.0	1.53	1.2	6.5	1.3	78.4	18.9	2.4	0.3	2.9
304	6.3	1.12	0.9	7.5	1.2	71.9	24.9	2.5	0.7	1.5
306	7.0	0.75	0.8	7.7	1.1	69.5	27.8	2.3	0.4	0.7
307	6.2	1.5	7.6	1.2	71.1	23.8	3.9	1.2	2.6
1.43
308	6.9	0.89	1.3	7.8	1.1	70.2	25.7	3.5	0.6	0.7
309	7.5	0.82	1.6	8.3	1.1	64.5	31.8	2.9	0.8	0.8
312	6.7	0.84	1.0	7.5	1.1	71.2	25.7	2.7	0.3	0.6
314	6.9	1.38	1.2	8.3	1.2	66.7	28.0	4.6	0.7	1.5
316	4.8	1.8	6.0	1.3	82.3	15.9	1.5	0.4	2.4
1.22
318	6.7	2.04	1.9	8.7	1.3	63.7	30.0	5.3	1.0	2.3
319	5.2	0.84	0.6	6.1	1.2	82.1	16.8	0.9	0.2	1.0
320	6.8	1.33	1.1	8.1	1.2	67.1	27.7	4.3	0.8	1.6
321	5.9	0.98	1.1	6.9	1.2	75.7	22.3	1.8	0.2	0.8
322	7.8	1.3	8.6	1.1	62.6	33.0	3.7	0.6	0.5
0.79
325	7.2	1.36	1.1	8.6	1.2	64.6	29.0	5.0	1.3	1.9
326	6.4	0.79	1.1	7.2	1.1	73.7	24.3	1.9	0.2	0.7
328	5.2	1.35	1.2	6.5	1.3	78.3	19.2	2.1	0.5	2.3

── Page 9 ──
329	4.1	1.23	1.5	5.3	1.3	87.0	12.1	0.7	0.2	2.3
330	6.8	1.28	1.0	8.1	1.2	67.6	27.3	4.1	1.0	1.6
333	6.0	0.79	0.8	6.8	1.1	76.5	22.3	1.1	0.1	0.4
335	6.4	1.76	1.1	8.1	1.3	67.5	26.7	4.5	1.4	2.7
337	6.7	0.72	1.1	7.4	1.1	71.6	26.3	1.8	0.3	0.6
340	6.5	0.84	1.2	7.4	1.1	72.4	24.7	2.3	0.6	0.9
341	6.0	1.50	1.3	7.5	1.2	71.6	24.4	3.4	0.7	1.9
343	4.5	1.15	1.1	5.7	1.3	84.7	14.2	1.0	0.1	2.1
344	4.8	0.91	0.7	5.7	1.2	85.5	13.7	0.8	0.1	1.1
345	4.8	0.91	0.8	5.7	1.2	84.8	14.2	0.8	0.2	1.2
349	5.3	1.27	1.3	6.5	1.2	78.4	19.4	1.6	0.6	1.9
355	6.3	1.15	0.9	7.4	1.2	72.0	25.1	2.5	0.4	1.1
358	7.0	1.44	2.5	8.5	1.2	65.0	28.6	5.0	1.3	1.9
360	6.6	1.83	1.1	8.4	1.3	66.1	27.2	4.9	1.8	3.0
363	5.7	0.75	1.2	6.4	1.1	79.9	19.1	0.9	0.2	0.6
364	5.6	1.33	1.0	7.0	1.2	75.9	21.1	2.5	0.5	2.2
365	6.8	0.81	1.3	7.6	1.1	70.3	27.0	2.5	0.3	0.6
366	5.9	1.44	1.4	7.4	1.2	73.3	22.7	3.3	0.7	2.3
368	7.0	0.93	0.8	7.9	1.1	68.7	27.6	3.2	0.5	1.0
370	6.3	1.61	1.2	8.0	1.3	68.9	25.9	4.2	1.0	2.5
371	5.9	0.67	1.1	6.6	1.1	78.1	20.8	1.0	0.1	0.6
376	7.5	1.75	1.2	9.2	1.2	62.7	28.2	7.1	2.1	2.2
380	6.3	1.20	1.2	7.5	1.2	71.1	25.7	2.8	0.4	1.3
381	6.5	0.83	1.1	7.3	1.1	71.9	26.0	1.9	0.3	0.6
388	6.1	1.48	1.5	7.5	1.2	71.6	24.5	3.3	0.7	2.0
390	5.2	1.23	1.2	6.4	1.2	80.0	18.2	1.6	0.2	1.7
393	6.5	1.71	1.6	8.2	1.3	67.2	26.8	4.9	1.0	2.3
403	6.7	0.78	0.7	7.5	1.1	71.5	25.9	2.3	0.2	0.7
407	6.7	1.18	1.0	7.9	1.2	68.7	27.1	3.4	0.8	1.3
410	5.6	1.46	1.3	7.0	1.3	75.4	21.3	2.7	0.6	2.1
415	6.7	0.64	0.5	7.3	1.1	72.4	25.4	2.0	0.2	0.4
417	6.1	0.48	0.7	6.6	1.1	78.7	20.6	0.7	0.0	0.2
419	6.4	0.6	6.9	1.1	75.7	23.4	0.8	0.1	0.3
0.47
422	5.4	1.10	1.2	6.5	1.2	79.4	18.9	1.5	0.2	1.3
425	5.9	0.96	1.2	6.9	1.2	75.9	22.3	1.6	0.2	0.8
427	4.4	0.80	0.9	5.3	1.2	88.4	11.0	0.5	0.1	1.1
430	6.5	1.03	0.8	7.5	1.2	70.8	26.2	2.6	0.5	0.9
432	6.3	0.7	7.3	1.2	72.3	25.4	1.9	0.3	0.8
1.02
433	6.2	1.05	0.9	7.3	1.2	73.5	23.3	2.5	0.6	1.5
436	6.3	1.06	0.9	7.3	1.2	72.3	25.3	2.2	0.3	0.9
444	6.5	2.55	1.3	9.1	1.4	62.0	29.2	6.7	2.1	4.1
450	5.9	0.99	1.1	6.9	1.2	76.1	21.8	1.9	0.3	1.1
452	6.1	1.1	7.2	1.2	73.5	23.6	2.2	0.7	1.5
1.06
453	4.2	0.98	1.1	5.2	1.2	88.9	10.5	0.5	0.1	1.4
460	6.3	1.54	1.2	7.8	1.2	69.6	25.6	3.6	1.2	2.2
466	4.6	1.00	0.9	5.6	1.2	85.0	14.0	0.8	0.1	1.7
468	5.0	1.02	1.0	6.0	1.2	82.2	16.5	1.1	0.1	1.3
472	5.0	1.0	6.0	1.2	83.0	16.0	0.9	0.0	1.0
0.95
473	5.9	1.10	1.0	7.0	1.2	75.9	21.7	2.0	0.4	1.5
474	6.3	1.49	1.2	7.8	1.2	69.6	26.1	3.6	0.7	1.8
476	5.3	1.50	1.4	6.8	1.3	76.7	20.9	2.0	0.3	2.2
483	5.6	1.20	1.3	6.8	1.2	76.4	20.8	2.2	0.6	1.9
484	6.3	0.9	8.0	1.3	67.6	27.5	4.0	0.9	2.2
1.71
486	6.2	1.16	1.9	7.4	1.2	72.4	24.6	2.6	0.4	1.2
487	7.3	1.12	1.3	8.4	1.2	65.4	29.3	4.4	0.9	1.2
490	6.7	0.59	0.6	7.3	1.1	73.2	24.4	2.1	0.3	0.4

── Page 10 ──
493	7.2	1.13	1.5	8.3	1.2	65.5	29.4	4.4	0.7	1.1
BL1	6.3	0.81	n/a	7.1	1.1	73.4	25.0	1.3	0.2	0.5
C1	6.4	1.05	1.1	7.4	1.2	72.4	24.6	2.6	0.5	1.1
C3	5.8	0.72	0.7	6.5	1.1	79.1	19.6	1.0	0.3	0.8
C10	4.6	0.87	1.4	5.5	1.2	86.5	12.9	0.5	0.1	1.1
C11	5.8	2.26	1.9	8.1	1.4	68.7	24.3	5.2	1.8	5.3
D6	5.6	0.77	1.1	6.3	1.1	80.4	18.2	1.3	0.2	0.8
D7	7.1	0.78	0.8	7.9	1.1	67.7	29.5	2.3	0.4	0.5
E1	5.2	1.11	0.8	6.3	1.2	81.0	17.1	1.5	0.4	1.7
E2	4.8	0.87	1.1	5.7	1.2	85.4	13.9	0.7	0.1	1.0
E3	4.7	1.23	0.8	5.9	1.3	83.2	15.1	1.4	0.4	2.4
E5	6.8	1.09	1.1	7.9	1.2	68.6	27.1	3.6	0.8	1.3
E6	7.2	0.87	1.3	8.1	1.1	66.3	30.0	3.1	0.6	0.8
E7	7.2	0.98	0.8	8.2	1.1	66.5	28.5	4.0	1.0	1.3
E8	4.9	0.86	0.9	5.7	1.2	84.8	14.3	0.8	0.1	1.0
E9	7.0	1.65	1.6	8.7	1.2	63.5	29.4	5.5	1.6	2.6
EL1	3.4	1.15	0.8	4.5	1.3	91.5	7.8	0.5	0.1	3.7
EL2	5.6	0.62	0.5	6.2	1.1	81.9	17.3	0.8	0.1	0.5
EL3	6.5	1.18	0.8	7.6	1.2	71.8	23.9	3.7	0.7	1.7
H2	6.7	0.59	1.4	7.3	1.1	72.2	25.7	1.9	0.1	0.4
H9	6.1	0.73	0.9	6.8	1.1	77.9	20.0	1.8	0.3	0.7
H10	6.3	0.61	0.8	6.9	1.1	77.7	20.1	2.0	0.3	0.5
H12	5.5	0.68	1.0	6.2	1.1	82.8	16.2	0.9	0.1	0.8
H14	5.7	1.05	1.0	6.7	1.2	77.7	19.9	1.8	0.6	1.8
H17	8.3	0.73	1.5	9.0	1.1	60.4	34.4	4.4	0.7	0.6
H20	7.6	0.50	0.7	8.1	1.1	65.7	31.5	2.5	0.2	0.4
H22	6.8	0.75	0.8	7.6	1.1	70.7	26.5	2.4	0.4	0.8
H25	6.9	0.61	n/a	7.5	1.1	70.9	26.8	2.1	0.2	0.3
H32	6.4	1.15	1.0	7.6	1.2	70.6	26.0	2.8	0.6	1.2
H37	4.3	0.57	0.7	4.9	1.1	90.9	8.7	0.3	0.1	1.0
H91	6.4	0.75	1.0	7.1	1.1	74.3	23.7	1.8	0.2	0.5
H98	5.3	0.75	0.9	6.1	1.1	82.6	16.6	0.8	0.1	0.6
K1	6.3	1.0	6.9	1.1	76.9	21.6	1.4	0.1	0.5
0.58
K2	6.8	0.34	0.6	7.1	1.1	74.5	24.4	1.0	0.1	0.2
P4	6.5	1.37	1.7	7.9	1.2	68.4	27.6	3.4	0.5	1.3
R11	7.3	0.68	1.1	8.0	1.1	66.7	30.3	2.6	0.3	0.4
R70	6.2	0.65	0.7	6.8	1.1	76.6	21.7	1.4	0.3	0.6
SCS	6.0	n/a	6.2	1.0	82.7	17.0	0.2	0.0	0.0
0.16
SL1	6.3	1.40	1.3	7.8	1.2	69.4	26.6	3.2	0.9	1.9
SL2	6.3	2.05	1.7	8.4	1.3	65.9	27.6	5.0	1.5	3.3
SL3	6.3	1.44	1.1	7.8	1.2	69.3	26.2	3.5	1.0	2.2
SL4	5.1	1.03	n/a	6.1	1.2	81.1	17.0	1.6	0.3	1.6
SL5	6.3	0.8	7.0	1.1	74.6	24.0	1.3	0.2	0.5
0.67
SL7	7.3	1.69	1.1	9.0	1.2	61.8	30.1	6.4	1.7	2.0
SL8	5.1	1.69	1.2	6.8	1.3	76.5	19.8	2.9	0.8	3.5
SL9	6.6	1.09	1.1	7.7	1.2	70.1	26.1	2.9	0.9	1.5
SL10	6.4	0.97	0.8	7.3	1.2	72.0	25.3	2.2	0.5	1.1
SL11	3.5	n/a	4.6	1.3	91.3	8.3	0.3	0.1	2.5
1.04
U2	6.2	0.81	0.9	7.0	1.1	76.1	21.5	2.3	0.2	0.8
U3	6.8	0.94	1.1	7.8	1.1	69.5	26.9	3.3	0.3	0.7
U4	5.5	0.88	1.0	6.4	1.2	79.6	19.1	1.2	0.1	0.9
U5	6.8	0.78	0.7	7.6	1.1	70.4	26.6	2.6	0.3	0.6
W3	3.7	1.2	4.7	1.3	91.0	8.4	0.5	0.1	2.4
0.98
W4	5.3	1.16	1.7	6.5	1.2	79.3	19.1	1.3	0.3	1.5
W5	6.7	2.00	1.7	8.7	1.3	65.3	26.8	5.8	2.1	3.3
W6	5.6	1.27	1.5	6.8	1.2	76.9	20.3	2.1	0.7	2.4

── Page 11 ──
W7	2.9	1.57	0.9	4.5	1.5	90.4	8.1	1.3	0.2	7.2
W8	4.5	0.88	0.9	5.3	1.2	87.6	11.6	0.7	0.1	1.7
W11	6.4	1.30	1.0	7.7	1.2	70.0	26.2	3.2	0.6	1.4
W15	5.2	2.34	1.7	7.6	1.4	71.0	23.4	4.4	1.2	4.8
W16	7.0	1.00	1.4	8.0	1.1	67.5	28.4	3.5	0.5	0.7
W19	7.2	1.10	1.7	8.3	1.2	68.7	25.5	4.7	1.1	1.6
N15	4.6	0.85	0.7	5.5	1.2	87.8	11.1	0.8	0.3	1.6
N25	4.4	0.83	0.9	5.2	1.2	89.6	9.6	0.6	0.1	1.5
N29	5.0	0.61	0.4	5.6	1.1	89.1	10.4	0.4	0.1	0.7
All	5.5	1.14	1.2	6.7	1.2	77.4	20.0	2.1	0.4	1.7

── Page 12 ──
Quality of Service Indicators for Low Frequency (Timetabled)	Day and Night Routes
Quarter 04 25/26
03 January 2025 to 31 March 2026
Probability of Departure (%)
Non Arrival
Q4 24/25	8 to 2.5	5 to 15
or Not
Route	% On Time	(% On	mins Early	mins Late
Linked
Time)	(%)	(%)
(%)
20	76.9	79.6	5.9	1.8	15.4
42	67.7	66.8	9.5	3.3	19.4
61	85.3	81.3	2.9	1.3	10.5
107	79.8	79.7	6.0	1.7	12.5
110	77.2	73.6	4.0	2.0	16.8
110R	66.1	62.8	11.7	3.5	18.7
117	81.2	83.5	2.7	1.0	15.1
138	83.2	72.6	2.0	0.5	14.3
146	60.8	66.9	17.0	0.4	21.8
153	86.3	83.0	2.7	1.4	9.6
160	75.3	81.1	5.3	1.2	18.2
162	71.9	70.0	6.6	4.5	17.0
166	76.5	74.4	4.6	3.0	15.9
167	77.0	81.9	4.5	1.9	16.6
178	76.7	77.3	3.7	3.3	16.3
187	73.4	68.5	6.6	2.9	17.1
190	80.5	82.8	4.9	3.2	11.4
201	81.9	73.3	2.6	1.9	13.6
203	85.3	82.6	2.0	1.6	11.1
209	80.8	77.8	8.5	2.0	8.7
215	75.7	6.6	1.1	20.6
71.7
216	78.1	76.6	3.5	1.8	16.6
223	78.8	69.0	4.3	5.2	11.7
224	79.4	77.6	5.4	3.3	11.9
225	74.0	68.7	4.4	1.4	20.3
228	61.1	9.9	4.2	25.9
60.0
230	70.2	72.6	9.4	3.3	17.1
231	82.0	82.6	4.4	0.9	12.7
233	84.8	81.5	2.3	1.9	11.1
240	88.8	85.4	2.1	1.7	7.4
246	65.5	1.8	3.1	10.0
85.1
258	83.2	78.5	3.6	2.6	10.7
268	87.9	87.1	2.8	1.5	7.8
272	81.7	84.5	3.1	2.4	12.8
273	75.5	72.4	4.9	1.3	18.4
278	72.5	7.0	1.7	14.1
77.2
281N	69.5	89.1	13.7	5.0	11.8
287	85.5	78.8	2.4	1.7	10.4
290	80.3	83.9	3.3	1.7	14.7
292	65.3	85.7	10.9	5.0	18.8
293	85.5	2.7	1.2	13.0
83.1
296	91.7	87.9	0.9	0.7	6.7
298	67.3	81.2	10.4	3.2	19.2
299	67.7	78.3	16.4	3.5	12.4

── Page 13 ──
300	73.1	80.7	9.2	4.6	13.1
303	83.2	80.5	2.7	3.5	10.7
310	77.9	82.9	3.6	3.4	15.0
313	69.3	77.2	7.5	4.6	18.6
315	84.1	86.0	3.5	2.7	9.6
317	83.3	88.1	3.9	1.7	11.1
323	91.6	78.7	1.0	3.1	4.2
324	78.2	74.5	5.0	3.8	13.0
327	83.3	91.7	4.5	2.8	9.4
331	84.8	86.4	2.4	2.1	10.7
336	80.3	78.8	4.7	1.0	14.0
339	80.0	75.5	6.3	4.6	9.1
346	78.2	85.8	3.9	2.2	15.7
350	70.5	72.3	6.5	1.9	21.1
352	76.5	77.5	4.3	2.6	16.6
353	84.2	83.5	2.7	1.6	11.5
354	72.3	74.7	6.9	2.3	18.5
356	83.9	69.4	2.6	0.8	12.8
357	73.9	81.5	8.9	3.4	13.8
359	86.9	85.5	3.1	1.3	8.8
362	75.2	74.3	8.2	2.0	14.5
367	76.0	73.3	4.5	3.2	16.2
372	74.1	78.1	4.7	1.5	19.7
375	82.0	86.8	3.6	1.6	12.8
377	71.8	78.2	8.9	4.4	14.9
378	79.6	74.9	6.5	2.3	11.7
379	76.5	78.4	6.8	1.4	15.4
382	83.4	86.1	4.3	1.0	11.4
383	60.6	71.7	13.1	3.8	22.5
384	79.2	74.6	5.1	1.5	14.2
385	80.4	84.1	4.7	5.4	9.6
386	80.0	73.4	4.0	3.5	12.4
389	85.5	20.8	3.9	6.5
68.8
394	83.5	78.7	2.9	3.3	10.3
395	84.7	83.5	2.6	2.8	9.9
396	85.6	87.3	3.6	1.2	9.6
397	77.9	75.5	4.9	3.3	13.8
398	85.1	1.4	2.1	10.5
86.0
399	73.0	88.3	19.8	1.2	6.0
401	89.8	86.2	2.5	2.7	5.1
404	82.7	85.2	3.3	4.9	9.1
405	75.0	79.5	5.2	2.7	17.0
406	84.5	1.0	1.6	8.9
88.5
411	93.8	91.4	1.1	0.9	4.2
412	86.0	84.8	2.8	1.9	9.2
413	81.1	83.0	3.1	5.4	10.4
418	86.5	83.4	1.3	1.8	10.5
423	87.1	1.0	1.6	8.0
89.4
424	67.1	68.4	8.9	7.4	16.6
428	74.9	73.9	7.3	2.3	15.5
434	81.5	88.6	3.7	1.8	12.9
439	76.0	82.4	4.8	2.3	16.8
440	82.3	6.7	2.7	15.8
74.8
456	65.3	81.2	17.4	4.3	13.0
462	79.4	79.7	5.3	1.7	13.5
463	73.0	66.5	6.0	2.4	18.6

── Page 14 ──
464	91.5	86.2	3.1	1.9	3.4
465	76.8	76.8	4.3	2.4	16.5
467	85.5	89.1	1.9	0.6	12.1
469	75.8	73.0	5.8	1.6	16.9
470	84.2	88.2	3.1	2.6	10.2
481	85.6	79.9	2.3	1.5	10.6
482	78.0	76.7	4.9	1.5	15.6
484	75.6	n/a	6.7	2.9	14.8
485	81.5	74.3	2.8	4.2	11.5
488	81.7	73.0	4.5	3.1	10.7
491	82.2	84.3	5.0	2.2	10.5
492	69.6	69.1	7.9	2.3	20.1
496	83.5	87.6	2.7	1.5	12.2
498	88.3	82.1	1.9	1.9	7.9
499	74.6	83.1	5.4	1.8	18.2
533	67.5	67.8	11.7	4.9	15.9
A10	89.1	85.0	1.1	1.1	8.7
B11	89.4	80.1	2.6	2.5	5.5
B12	78.8	83.9	4.6	3.8	12.9
B13	77.9	89.2	5.6	3.2	13.2
B14	66.6	72.4	8.4	1.9	23.1
B15	79.4	70.9	5.2	2.3	13.0
B16	80.1	82.5	5.2	3.0	11.6
D3	72.9	75.8	7.5	5.8	13.8
D8	81.8	n/a	3.4	4.7	10.1
E10	75.1	77.7	6.9	2.3	15.7
E11	82.9	89.4	3.5	2.4	11.1
G1	82.5	77.2	2.8	2.2	12.5
H3	87.4	83.9	1.3	4.4	6.9
H11	79.1	84.9	3.7	2.1	15.1
H13	82.8	85.3	2.8	0.9	13.5
H18	83.9	81.2	2.5	2.7	11.0
H19	83.4	2.3	2.4	12.2
83.1
H26	83.4	85.2	3.0	1.0	12.6
H28	70.7	70.0	6.6	3.0	19.7
K3	86.8	76.0	2.1	2.0	9.1
K4	92.9	84.0	0.8	0.8	5.5
K5	77.7	2.7	1.5	19.8
76.0
P5	83.4	81.3	2.3	1.7	12.5
P12	63.2	81.5	10.2	1.8	24.8
P13	81.7	69.7	2.9	3.1	12.3
R1	85.5	72.3	1.7	2.7	10.1
R2	85.2	2.6	3.6	11.4
82.3
R3	83.8	78.1	2.7	2.7	10.7
R4	71.3	81.2	6.4	3.5	18.7
R5	84.9	80.9	4.8	2.2	8.0
R7	86.1	78.3	2.9	2.1	8.9
R8	68.0	25.4	2.6	9.9
62.1
R9	92.8	n/a	1.0	3.3	2.9
R10	81.8	85.1	4.5	1.7	12.0
R68	84.5	79.1	3.3	1.2	11.0
S1	78.3	73.9	4.1	2.9	14.8
S2	88.8	2.0	3.2	10.2
84.6
S3	80.9	75.9	3.5	3.4	12.2
S4	83.4	76.1	3.2	2.2	11.2
SL6	80.7	66.7	5.4	2.8	11.1

── Page 15 ──
U1	82.1	81.0	3.9	2.5	11.6
U7	81.7	81.7	3.1	2.7	12.6
U9	87.4	90.2	2.2	1.1	9.3
U10	88.0	83.5	2.9	2.9	6.2
W9	81.6	79.7	5.6	1.2	11.6
W12	72.6	72.5	6.0	4.1	17.3
W13	76.3	77.8	7.7	3.3	12.7
W14	75.5	72.9	9.0	3.1	12.4
N1	83.7	87.6	3.9	0.8	11.6
N2	90.5	92.0	1.1	0.8	7.6
N3	88.4	85.4	2.7	0.4	8.6
N5	90.2	86.0	2.0	0.4	7.4
N6	97.8	98.5	0.3	0.2	1.7
N7	95.4	95.8	1.6	1.0	2.0
N8	77.9	78.3	6.4	3.4	12.3
N9	87.8	84.6	2.2	1.0	9.0
N11	91.1	93.4	2.2	1.0	5.6
N12	91.9	92.1	3.3	2.1	2.7
N13	95.5	93.1	1.5	0.9	2.1
N14	94.0	92.7	1.0	1.1	4.0
N18	91.4	83.2	2.7	1.4	4.6
N19	81.9	83.5	3.5	3.2	11.4
N20	91.8	93.3	2.2	0.8	5.2
N21	76.5	86.5	7.2	0.7	15.5
N22	92.0	91.8	2.0	1.7	4.3
N23	94.4	95.3	1.4	0.2	4.1
N24	91.7	87.2	2.4	1.0	4.9
N26	72.9	76.0	4.6	2.7	19.8
N27	93.5	92.3	3.2	0.4	2.9
N28	96.1	93.7	1.6	0.7	1.6
N31	88.7	94.6	1.7	0.1	9.4
N32	94.8	96.2	1.8	0.2	3.2
N33	92.5	1.3	0.3	5.0
93.3
N35	90.8	88.7	1.2	2.0	6.0
N36	87.5	88.8	3.0	2.3	7.1
N37	95.2	92.3	0.5	1.9	2.3
N38	84.8	86.4	2.4	2.2	10.7
N41	89.8	3.8	1.5	11.2
83.5
N43	91.4	94.1	2.6	0.4	5.6
N44	89.8	88.8	1.9	0.8	7.5
N47	88.4	91.7	2.4	0.8	8.5
N52	94.9	96.2	1.2	0.7	3.1
N53	91.5	1.4	1.2	8.1
89.3
N55	89.0	80.3	1.7	1.4	7.9
N57	94.8	95.4	1.3	0.9	3.1
N63	92.7	85.0	2.3	0.4	4.7
N64	95.5	94.6	0.8	0.8	2.9
N65	92.9	0.6	0.2	5.4
93.8
N68	84.1	85.3	4.7	0.7	10.5
N69	91.9	93.4	3.1	1.3	3.6
N72	93.4	93.3	1.8	0.2	4.7
N73	85.6	90.0	2.4	2.5	9.4
N74	92.9	0.9	0.5	7.0
91.6
N76	87.8	87.0	2.1	3.3	6.7
N83	96.5	95.2	0.8	1.2	1.5
N85	98.0	93.4	1.0	0.1	0.9

── Page 16 ──
N86	91.8	95.9	0.5	0.9	6.7
N87	87.1	77.0	2.2	0.6	10.1
N88	93.4	94.9	1.5	1.2	3.9
N89	84.3	87.2	4.4	1.4	9.8
N91	86.1	87.9	2.4	4.5	7.0
N93	92.2	95.9	0.8	1.4	5.6
N94	95.7	90.0	1.7	0.1	2.5
N97	85.0	89.6	1.7	1.1	12.1
N98	93.7	94.4	1.7	1.2	3.3
N102	97.9	98.3	0.7	0.2	1.2
N105	95.2	58.4	1.6	0.3	2.9
N108	86.8	84.8	2.9	4.3	6.0
N109	88.4	86.3	5.0	1.3	5.4
N111	93.4	90.2	2.5	0.4	3.6
N113	97.6	93.9	1.1	0.5	0.9
N118	90.2	n/a	2.5	1.3	6.0
N119	92.1	92.8	1.0	1.8	5.2
N123	88.7	90.3	3.0	1.9	6.5
N128	93.1	90.9	0.6	0.7	5.6
N133	91.7	87.0	3.1	0.4	4.8
N134	95.2	98.2	1.5	0.3	3.0
N136	88.8	87.3	3.4	1.0	6.9
N137	89.2	95.1	1.6	1.4	7.8
N139	92.7	93.2	2.3	0.4	4.6
N140	94.5	92.6	0.8	0.9	3.8
N148	92.4	87.6	2.9	0.4	4.3
N149	87.8	88.3	3.7	2.2	6.3
N155	86.4	83.6	2.1	1.2	10.3
N158	95.4	95.5	0.8	2.6	1.3
N159	92.4	93.8	2.6	0.3	4.7
N171	83.3	88.6	3.7	1.4	11.5
N176	89.2	91.0	1.9	1.4	7.5
N188	82.9	8.6	2.5	6.9
82.0
N189	94.4	94.8	1.1	0.3	4.1
N199	80.8	80.4	2.6	1.5	15.1
N205	79.2	81.8	3.6	1.7	15.5
N207	85.9	86.6	4.0	1.5	8.6
N213	97.5	7.4	2.1	1.9
88.6
N214	89.2	95.3	3.2	2.3	5.3
N220	94.7	85.4	1.7	0.4	3.2
N222	94.1	91.4	1.9	1.0	2.9
N238	95.8	95.6	1.2	0.9	2.1
N242	90.0	2.4	3.4	5.7
88.5
N243	89.4	92.0	3.4	1.8	5.3
N250	94.4	95.8	2.1	0.6	2.8
N253	85.3	89.4	1.3	2.0	11.3
N263	94.1	n/a	1.7	0.5	3.7
N264	98.3	0.7	1.5	0.5
97.3
N266	90.6	90.9	2.8	1.0	5.7
N277	88.3	85.5	1.8	1.6	8.3
N279	87.6	86.8	2.3	2.3	7.8
N281	92.7	86.3	3.1	1.3	2.9
N285	91.4	0.9	0.3	6.7
92.2
N295	95.1	95.1	1.7	0.4	2.8
N297	96.5	97.7	1.5	1.3	0.8
N321	87.3	88.1	6.2	0.5	6.0

── Page 17 ──
N341	91.8	96.0	2.6	0.6	5.0
N343	90.2	92.5	2.4	1.5	5.9
N344	91.0	91.0	2.2	0.4	6.4
N345	92.8	91.0	3.9	0.6	2.6
N365	98.2	96.5	0.3	0.7	0.8
N381	93.0	85.0	1.8	0.7	4.6
N390	93.5	93.8	1.8	0.7	3.9
N453	89.3	86.9	2.4	2.5	5.8
N472	89.9	96.5	2.8	1.8	5.5
N474	89.3	87.5	1.8	7.2	1.7
N486	93.4	91.7	1.4	1.5	3.8
N550	89.4	85.3	2.2	3.7	4.7
N551	90.1	84.4	2.1	2.7	5.1
NEL1	91.2	95.6	2.2	6.0	0.6
All	80.9	80.3	4.4	2.3	12.4